# Blender 4.5.0 Alpha
# www.blender.org
o Cube
v -0.191315 -0.017339 -0.151321
v -0.113279 0.164471 -0.053613
v 0.010256 -0.062001 -0.229204
v 0.088292 0.119809 -0.131496
v -0.146920 -0.134137 0.030555
v -0.068885 0.047673 0.128262
v 0.054650 -0.178799 -0.047328
v 0.132686 0.003011 0.050379
v -0.401130 -0.069090 -0.131231
v -0.553744 0.030705 -0.006969
v -0.368136 0.119013 -0.241774
v -0.520751 0.218808 -0.117512
v -0.245209 -0.011216 0.013788
v -0.397823 0.088579 0.138050
v -0.212215 0.176888 -0.096755
v -0.364829 0.276682 0.027507
v 0.198030 0.202409 -0.209955
v 0.035781 0.214601 -0.060899
v 0.215385 0.422385 -0.209057
v 0.053135 0.434577 -0.060001
v 0.346574 0.190026 -0.047251
v 0.184324 0.202218 0.101805
v 0.363928 0.410002 -0.046353
v 0.201679 0.422193 0.102703
v 0.291869 -0.139415 -0.243544
v 0.157380 -0.187420 -0.075319
v 0.337366 0.055876 -0.151443
v 0.202877 0.007872 0.016782
v 0.460789 -0.230235 -0.134416
v 0.326300 -0.278239 0.033809
v 0.506286 -0.034944 -0.042314
v 0.371797 -0.082948 0.125911
v -0.143900 -0.314499 -0.220467
v -0.310013 -0.379297 -0.090471
v -0.058157 -0.198839 -0.053248
v -0.224270 -0.263637 0.076748
v -0.026658 -0.490894 -0.158577
v -0.192771 -0.555692 -0.028582
v 0.059085 -0.375234 0.008642
v -0.107028 -0.440032 0.138637
vn -0.2012 0.5293 -0.8242
vn 0.9135 -0.2024 -0.3530
vn 0.2012 -0.5293 0.8242
vn -0.9135 0.2024 0.3530
vn -0.3536 -0.8239 -0.4428
vn 0.3536 0.8239 0.4428
vn -0.7066 -0.2623 -0.6572
vn 0.1495 0.8525 -0.5010
vn 0.7066 0.2623 0.6572
vn -0.1495 -0.8525 0.5010
vn 0.6916 -0.4523 -0.5631
vn -0.6916 0.4523 0.5631
vn -0.6732 0.0561 -0.7374
vn 0.0786 0.9969 0.0041
vn 0.6732 -0.0561 0.7374
vn -0.0786 -0.9969 -0.0041
vn 0.7353 -0.0553 -0.6755
vn -0.7353 0.0553 0.6755
vn -0.7655 0.4116 -0.4946
vn 0.2062 0.8850 0.4174
vn 0.7655 -0.4116 0.4946
vn -0.2062 -0.8850 -0.4174
vn 0.6095 0.2175 -0.7624
vn -0.6095 -0.2175 0.7624
vn -0.5313 0.7994 -0.2805
vn 0.3886 0.5242 0.7578
vn 0.5313 -0.7994 0.2805
vn -0.3886 -0.5242 -0.7578
vn 0.7528 0.2937 -0.5891
vn -0.7528 -0.2937 0.5891
vt 0.625000 0.000000
vt 0.375000 0.250000
vt 0.375000 0.000000
vt 0.625000 0.250000
vt 0.375000 0.500000
vt 0.625000 0.500000
vt 0.375000 0.750000
vt 0.625000 0.750000
vt 0.375000 1.000000
vt 0.125000 0.750000
vt 0.125000 0.500000
vt 0.875000 0.500000
vt 0.625000 1.000000
vt 0.875000 0.750000
s 0
f 2/1/1 3/2/1 1/3/1
f 4/4/2 7/5/2 3/2/2
f 8/6/3 5/7/3 7/5/3
f 6/8/4 1/9/4 5/7/4
f 7/5/5 1/10/5 3/11/5
f 4/12/6 6/8/6 8/6/6
f 10/1/7 11/2/7 9/3/7
f 12/4/8 15/5/8 11/2/8
f 16/6/9 13/7/9 15/5/9
f 13/7/10 10/13/10 9/9/10
f 15/5/11 9/10/11 11/11/11
f 12/12/12 14/8/12 16/6/12
f 18/1/13 19/2/13 17/3/13
f 20/4/14 23/5/14 19/2/14
f 24/6/15 21/7/15 23/5/15
f 22/8/16 17/9/16 21/7/16
f 23/5/17 17/10/17 19/11/17
f 20/12/18 22/8/18 24/6/18
f 25/3/19 28/4/19 27/2/19
f 28/4/20 31/5/20 27/2/20
f 32/6/21 29/7/21 31/5/21
f 30/8/22 25/9/22 29/7/22
f 31/5/23 25/10/23 27/11/23
f 32/6/24 26/14/24 30/8/24
f 34/1/25 35/2/25 33/3/25
f 36/4/26 39/5/26 35/2/26
f 40/6/27 37/7/27 39/5/27
f 38/8/28 33/9/28 37/7/28
f 39/5/29 33/10/29 35/11/29
f 40/6/30 34/14/30 38/8/30
f 2/1/1 4/4/1 3/2/1
f 4/4/2 8/6/2 7/5/2
f 8/6/3 6/8/3 5/7/3
f 6/8/4 2/13/4 1/9/4
f 7/5/5 5/7/5 1/10/5
f 4/12/6 2/14/6 6/8/6
f 10/1/7 12/4/7 11/2/7
f 12/4/8 16/6/8 15/5/8
f 16/6/9 14/8/9 13/7/9
f 13/7/10 14/8/10 10/13/10
f 15/5/11 13/7/11 9/10/11
f 12/12/12 10/14/12 14/8/12
f 18/1/13 20/4/13 19/2/13
f 20/4/14 24/6/14 23/5/14
f 24/6/15 22/8/15 21/7/15
f 22/8/16 18/13/16 17/9/16
f 23/5/17 21/7/17 17/10/17
f 20/12/18 18/14/18 22/8/18
f 25/3/19 26/1/19 28/4/19
f 28/4/20 32/6/20 31/5/20
f 32/6/21 30/8/21 29/7/21
f 30/8/22 26/13/22 25/9/22
f 31/5/23 29/7/23 25/10/23
f 32/6/24 28/12/24 26/14/24
f 34/1/25 36/4/25 35/2/25
f 36/4/26 40/6/26 39/5/26
f 40/6/27 38/8/27 37/7/27
f 38/8/28 34/13/28 33/9/28
f 39/5/29 37/7/29 33/10/29
f 40/6/30 36/12/30 34/14/30
